BTW_05 [TW]
RMSE: 198.294072
R2: -0.231175
MAPE: 4.556472
