BTW_05 [TW]
RMSE: 481.074124
R2: -15.553444
MAPE: 14.444314
