ST25_03 [Unknown3]
RMSE: 708.738174
R2: -1.431754
MAPE: 7.074606
