DP20_03 [ST]
RMSE: 515.105352
R2: -5.587272
MAPE: 34.122954
