ST40_02 [ST]
RMSE: 276.377248
R2: 0.901420
MAPE: 1.077987
