SGMB_03 [TW]
RMSE: 960.401654
R2: -2.378903
MAPE: 16.206933
