SGMB_03 [TW]
RMSE: 886.937937
R2: -1.927905
MAPE: 15.350574
