BK50_03 [BK]
RMSE: 184.946373
R2: 0.906778
MAPE: 1.217470
