BK50_03 [BK]
RMSE: 203.135756
R2: 0.885012
MAPE: 1.268420
