BC30_03 [CS]
RMSE: 195.827982
R2: 0.465098
MAPE: 1.939446
