RP40_03 [RP]
RMSE: 94.702521
R2: 0.722858
MAPE: 2.462454
