RE20_03 [CS]
RMSE: 257.853415
R2: 0.540431
MAPE: 22.119069
