BC50_01 [CS]
RMSE: 197.216976
R2: 0.348086
MAPE: 3.561250
