WBLB_03 [WBHB]
RMSE: 225.972954
R2: 0.869536
MAPE: 4.708871
