CBFP50_03 [TW]
RMSE: 472.512659
R2: -0.093453
MAPE: 4.448940
