CBFP50_03 [TW]
RMSE: 406.722140
R2: 0.269983
MAPE: 3.486129
