RP50_03 [Unknown3]
RMSE: 146.010095
R2: 0.511880
MAPE: 3.193947
