CJ30_03 [CJ]
RMSE: 85.559657
R2: 0.924521
MAPE: 2.440894
