PH40_03 [PH]
RMSE: 202.489040
R2: 0.564924
MAPE: 3.098919
