PH40_03 [PH]
RMSE: 168.685200
R2: 0.697715
MAPE: 2.573989
