CS30_03 [BC]
RMSE: 1264.173957
R2: -9.635252
MAPE: 15.819417
