CS30_03 [BC]
RMSE: 1027.911875
R2: -5.465723
MAPE: 12.984778
