PH30_03 [Unknown3]
RMSE: 319.227060
R2: 0.168660
MAPE: 2.517930
