PH30_03 [Unknown3]
RMSE: 327.882229
R2: 0.179319
MAPE: 3.134587
