WB50_03 [SG]
RMSE: 196.583900
R2: 0.677748
MAPE: 6.127289
