WB40_03 [WB]
RMSE: 154.572986
R2: 0.689775
MAPE: 3.054613
