RE40_01 [CS]
RMSE: 372.877006
R2: 0.634796
MAPE: 4.789324
