RE30_03 [RE]
RMSE: 192.307210
R2: 0.807076
MAPE: 2.809746
