RE30_03 [RE]
RMSE: 197.600415
R2: 0.834659
MAPE: 2.735413
