RE30_03 [Unknown3]
RMSE: 202.553960
R2: 0.767642
MAPE: 3.362967
