CS20_03 [CS]
RMSE: 241.170392
R2: 0.809609
MAPE: 2.749278
