CS20_03 [CS]
RMSE: 224.867724
R2: 0.837494
MAPE: 2.585680
