BC40_01 [CS]
RMSE: 181.487147
R2: 0.598779
MAPE: 2.008912
