RC50_05 [RC]
RMSE: 163.511937
R2: 0.622875
MAPE: 2.097300
