RC50_05 [RC]
RMSE: 134.534053
R2: 0.744141
MAPE: 1.729694
