WBHB_03 [CJ]
RMSE: 426.478860
R2: 0.759401
MAPE: 1.998356
