WBHB_03 [CJ]
RMSE: 412.753662
R2: 0.779060
MAPE: 1.856188
