CS10_02 [CS]
RMSE: 185.881224
R2: 0.640838
MAPE: 7.940715
