RE30_03 [CS]
RMSE: 266.542625
R2: 0.652961
MAPE: 3.930935
