ST40_03 [ST]
RMSE: 288.596065
R2: 0.904403
MAPE: 1.089468
