CJ40_03 [CJ]
RMSE: 109.006782
R2: 0.886180
MAPE: 2.791684
