BC50_02 [BC]
RMSE: 212.641843
R2: 0.216585
MAPE: 4.923131
