CS20_02 [Unknown3]
RMSE: 399.947436
R2: -0.194555
MAPE: 6.505649
