ST25_02 [Unknown3]
RMSE: 682.873685
R2: -0.672279
MAPE: 5.626786
