ST40_01 [ST]
RMSE: 243.980126
R2: 0.906212
MAPE: 0.944372
