DP10_01 [DP]
RMSE: 116.624070
R2: 0.490192
MAPE: 3.758231
