BR40_03 [RE]
RMSE: 374.852396
R2: 0.739637
MAPE: 7.931413
