BR40_03 [RE]
RMSE: 345.946560
R2: 0.790625
MAPE: 7.212490
