CS20_01 [CS]
RMSE: 221.054434
R2: 0.797931
MAPE: 2.115786
