WB30_03 [SG]
RMSE: 300.181996
R2: 0.263938
MAPE: 4.943951
