SG40_03 [TW]
RMSE: 182.416393
R2: 0.673023
MAPE: 3.312494
