SG40_03 [TW]
RMSE: 188.739953
R2: 0.647174
MAPE: 3.337864
