CJ30_01 [CJ]
RMSE: 110.291852
R2: 0.836390
MAPE: 1.319786
