RE20_02 [Unknown3]
RMSE: 360.063239
R2: -0.034387
MAPE: 3.932005
