DP30_03 [DP]
RMSE: 157.403327
R2: 0.612268
MAPE: 3.065259
