RC30_02 [BC]
RMSE: 259.446090
R2: 0.315249
MAPE: 3.361986
