BK30_02 [CJ]
RMSE: 463.419659
R2: 0.553766
MAPE: 2.790865
