BK30_02 [CJ]
RMSE: 495.085708
R2: -1.504269
MAPE: 6.413919
