DP10_02 [Unknown3]
RMSE: 95.192720
R2: 0.478738
MAPE: 2.169391
