TW05_03 [Unknown3]
RMSE: 1010.410315
R2: -20.107886
MAPE: 9.070570
