CJ50_02 [Unknown3]
RMSE: 219.807808
R2: 0.711066
MAPE: 5.112224
