BR20_03 [BR]
RMSE: 245.116380
R2: 0.698524
MAPE: 10.627555
