BR20_03 [BR]
RMSE: 221.726196
R2: 0.748832
MAPE: 10.044685
