BC30_03 [Unknown1]
RMSE: 255.791206
R2: 0.413140
MAPE: 2.347937
