BC30_03 [Unknown1]
RMSE: 287.294332
R2: 0.149053
MAPE: 2.446570
