RE40_02 [CS]
RMSE: 395.249630
R2: 0.644327
MAPE: 3.159100
