SW20_03 [CS]
RMSE: 239.310236
R2: 0.401328
MAPE: 3.545817
