BC40_03 [Unknown3]
RMSE: 126.998720
R2: 0.738563
MAPE: 1.988654
