RC40_05 [Unknown3]
RMSE: 158.343581
R2: 0.827804
MAPE: 1.424697
