RC40_05 [Unknown3]
RMSE: 159.093404
R2: 0.788361
MAPE: 1.428016
