ST25_01 [Unknown3]
RMSE: 579.005227
R2: -0.535291
MAPE: 5.078383
