WBMB_03 [WBHB]
RMSE: 264.039773
R2: 0.849254
MAPE: 2.063092
