WBMB_03 [WBHB]
RMSE: 264.040039
R2: 0.849254
MAPE: 2.063097
