CJ30_02 [ST]
RMSE: 361.484672
R2: -3.180501
MAPE: 6.470285
