BC50_03 [BC]
RMSE: 149.827125
R2: 0.646286
MAPE: 3.432787
