BC50_03 [BC]
RMSE: 181.118177
R2: 0.572337
MAPE: 2.857591
