BC50_03 [BC]
RMSE: 166.401259
R2: 0.466819
MAPE: 3.323070
