BC40_03 [BC]
RMSE: 131.737478
R2: 0.701369
MAPE: 2.009281
