BC40_03 [BC]
RMSE: 122.876697
R2: 0.569970
MAPE: 2.475814
