CS30_03 [CS]
RMSE: 328.076256
R2: 0.742551
MAPE: 2.285207
