CJ50_01 [Unknown3]
RMSE: 288.355982
R2: 0.420873
MAPE: 2.735757
