DP30_03 [CJ]
RMSE: 320.382402
R2: -0.567064
MAPE: 7.516671
