DP30_03 [CJ]
RMSE: 348.522578
R2: -0.932421
MAPE: 7.547034
