CJ30_03 [CJ40]
RMSE: 353.223394
R2: -1.063925
MAPE: 5.998406
