CJ30_03 [CJ]
RMSE: 399.589483
R2: -2.079711
MAPE: 8.996318
