CJ30_03 [CJ]
RMSE: 383.067034
R2: -1.453689
MAPE: 6.372107
