RE40_03 [CS]
RMSE: 395.118352
R2: 0.591899
MAPE: 4.155339
