RE20_03 [Unknown2]
RMSE: 355.172586
R2: -0.066651
MAPE: 22.815794
