RE20_03 [BR]
RMSE: 193.238118
R2: 0.790150
MAPE: 19.940534
