RE20_03 [RE]
RMSE: 218.489894
R2: 0.695715
MAPE: 24.661549
