BC30_01 [Unknown1]
RMSE: 118.437094
R2: 0.261805
MAPE: 2.330106
