SW35_03 [Unknown1]
RMSE: 221.598908
R2: 0.365208
MAPE: 3.362729
