SW35_03 [SW]
RMSE: 181.153169
R2: 0.577886
MAPE: 3.128198
