SW35_03 [CS]
RMSE: 255.437825
R2: 0.412094
MAPE: 4.088597
