RC30_03 [CJ]
RMSE: 127.965936
R2: 0.533818
MAPE: 2.644466
