RC30_03 [CJ]
RMSE: 142.194094
R2: 0.272941
MAPE: 3.350069
