RC30_01 [Unknown1]
RMSE: 194.812444
R2: -0.002627
MAPE: 3.199487
