BC50_01 [BC]
RMSE: 226.294282
R2: 0.323155
MAPE: 4.504589
