DP10_03 [DP]
RMSE: 96.954426
R2: 0.514790
MAPE: 1306.739477
