DP30_02 [CJ]
RMSE: 357.499746
R2: -2.318527
MAPE: 7.163720
