CS30_02 [CS]
RMSE: 353.582067
R2: 0.750289
MAPE: 2.893246
