BC40_02 [BC]
RMSE: 119.554562
R2: 0.335072
MAPE: 3.675093
