CS10_03 [Unknown3]
RMSE: 264.773418
R2: 0.500482
MAPE: 6.001610
