CS10_03 [Unknown3]
RMSE: 289.919033
R2: 0.346898
MAPE: 4.676570
