DP20_01 [DP]
RMSE: 87.835589
R2: 0.587364
MAPE: 2.241222
