CR25_04 [CJ]
RMSE: 307.337731
R2: 0.542155
MAPE: 2.543178
