CR25_04 [CJ]
RMSE: 306.322901
R2: 0.546678
MAPE: 2.381618
