CS10_03 [Unknown3]
RMSE: 187.151423
R2: 0.713881
MAPE: 5.212119
