DP30_01 [DP]
RMSE: 176.148825
R2: 0.566947
MAPE: 2.198059
