ST50_03 [ST]
RMSE: 278.044791
R2: 0.888634
MAPE: 1.828043
