BK70_03 [Unknown2]
RMSE: 419.773049
R2: 0.796816
MAPE: 5.882201
