ST25_03 [ST]
RMSE: 187.406982
R2: 0.923896
MAPE: 1.424187
