ST25_03 [ST]
RMSE: 187.406959
R2: 0.923896
MAPE: 1.424203
