CS20_03 [CS]
RMSE: 238.693502
R2: 0.812157
MAPE: 2.670858
