CR15_05 [CJ]
RMSE: 332.658079
R2: 0.547723
MAPE: 2.148973
