CR15_05 [CJ]
RMSE: 319.528298
R2: 0.564443
MAPE: 2.142975
