CS30_01 [Unknown3]
RMSE: 704.281933
R2: 0.044520
MAPE: 4.067156
