ST50_02 [ST]
RMSE: 281.567998
R2: 0.909626
MAPE: 4.617390
