RC30_02 [BC]
RMSE: 297.780816
R2: -0.044933
MAPE: 4.252965
