ST40_03 [ST]
RMSE: 292.898080
R2: 0.908896
MAPE: 1.062114
