TW15_03 [TW]
RMSE: 887.797491
R2: -2.409867
MAPE: 9.180335
