TW15_03 [TW]
RMSE: 802.561908
R2: -1.551150
MAPE: 7.829065
