DP20_03 [CJ]
RMSE: 146.263406
R2: 0.414732
MAPE: 6.441526
