DP20_03 [CJ]
RMSE: 144.634410
R2: 0.410004
MAPE: 9.713658
