CJ40_01 [DP]
RMSE: 150.450178
R2: 0.495524
MAPE: 1.896352
