PH20_03 [Unknown3]
RMSE: 350.859457
R2: 0.523921
MAPE: 1.565036
