PH20_03 [Unknown3]
RMSE: 356.652241
R2: 0.498508
MAPE: 1.423348
