DP20_02 [CJ]
RMSE: 131.822768
R2: 0.412672
MAPE: 4.466831
