BC50_02 [BC]
RMSE: 168.895431
R2: 0.494382
MAPE: 4.063501
