BC30_02 [Unknown2]
RMSE: 102.383204
R2: 0.400174
MAPE: 3.599357
