CJ40_03 [CJ40]
RMSE: 120.255563
R2: 0.909892
MAPE: 2.361970
