CJ40_03 [CJ]
RMSE: 124.961520
R2: 0.903779
MAPE: 2.380873
