CJ40_03 [CJ]
RMSE: 122.114280
R2: 0.900819
MAPE: 2.469221
