ST50_03 [ST]
RMSE: 266.820514
R2: 0.895988
MAPE: 1.793571
