SG50_03 [TW]
RMSE: 204.961942
R2: 0.721699
MAPE: 2.253392
