SG50_03 [TW]
RMSE: 207.520787
R2: 0.718181
MAPE: 2.370052
