WBA40_05 [SG]
RMSE: 531.902073
R2: -0.200788
MAPE: 4.940022
