BR30_03 [RE]
RMSE: 311.477857
R2: 0.561372
MAPE: 4.399764
