BR30_03 [RE]
RMSE: 283.014318
R2: 0.672324
MAPE: 3.923622
