SGHB_03 [CJ]
RMSE: 1087.779964
R2: -0.646852
MAPE: 12.180952
