SGHB_03 [CJ]
RMSE: 973.371622
R2: -0.340359
MAPE: 10.915368
