DP10_03 [DP]
RMSE: 107.044817
R2: 0.360981
MAPE: 1781.411939
