DP10_03 [DP]
RMSE: 88.751431
R2: 0.572087
MAPE: 1606.663685
