SW25_03 [SW20]
RMSE: 112.559388
R2: 0.780767
MAPE: 3.580003
