SW25_03 [SW]
RMSE: 107.754190
R2: 0.788367
MAPE: 3.330759
