SW25_03 [SW]
RMSE: 106.593214
R2: 0.766175
MAPE: 3.390309
