CS10_01 [CS]
RMSE: 189.844211
R2: 0.653802
MAPE: 2.294027
