RE20_01 [CS]
RMSE: 276.050726
R2: 0.417855
MAPE: 2.793904
