ST50_01 [ST]
RMSE: 219.223002
R2: 0.912971
MAPE: 1.471888
