BC50_02 [BC]
RMSE: 131.255269
R2: 0.768949
MAPE: 2.807908
