CJ50_03 [CJ]
RMSE: 172.093316
R2: 0.854915
MAPE: 1.011039
