CJ50_03 [CJ]
RMSE: 213.861209
R2: 0.793464
MAPE: 0.982176
