CJ50_03 [CJ40]
RMSE: 200.028821
R2: 0.809590
MAPE: 0.974482
