RE30_01 [CS]
RMSE: 243.829959
R2: 0.785299
MAPE: 3.238869
