WBA60_04 [SG]
RMSE: 487.437699
R2: -0.252418
MAPE: 4.257994
