SG30_04 [SG]
RMSE: 108.767526
R2: 0.707021
MAPE: 2.576192
