RP30_03 [SG]
RMSE: 237.563602
R2: -1.621811
MAPE: 19.868692
