CBFP40_03 [TW]
RMSE: 494.607027
R2: -0.172264
MAPE: 4.294152
