CBFP40_03 [TW]
RMSE: 419.322593
R2: 0.220951
MAPE: 3.565378
