RE40_03 [Unknown3]
RMSE: 238.255352
R2: 0.825181
MAPE: 2.582691
