RE40_03 [RE]
RMSE: 253.892393
R2: 0.815103
MAPE: 2.394428
