RE40_03 [RE]
RMSE: 268.619732
R2: 0.813393
MAPE: 2.517779
