WBA80_03 [WBA]
RMSE: 231.126562
R2: 0.887516
MAPE: 1.307468
