CR05_03 [CJ]
RMSE: 267.248479
R2: -0.590265
MAPE: 6.336763
