CR05_03 [CJ]
RMSE: 282.826075
R2: -0.793877
MAPE: 6.764306
