TW25_03 [TW]
RMSE: 506.877179
R2: 0.020824
MAPE: 7.104528
