TW25_03 [TW]
RMSE: 551.719676
R2: -0.204736
MAPE: 7.589883
