CJ50_03 [CJ]
RMSE: 122.471793
R2: 0.866644
MAPE: 0.839902
