RE30_02 [CS]
RMSE: 253.713443
R2: 0.781538
MAPE: 2.772640
