SW20_03 [SW]
RMSE: 150.876856
R2: 0.691753
MAPE: 3.291246
