SW20_03 [SW20]
RMSE: 116.911184
R2: 0.821653
MAPE: 3.252977
