SW20_03 [Unknown1]
RMSE: 689.880739
R2: -8.131871
MAPE: 10.026030
