SGLB_03 [SGLB]
RMSE: 205.295756
R2: 0.860606
MAPE: 2.329682
