SGLB_03 [SGLB]
RMSE: 205.295578
R2: 0.860606
MAPE: 2.329676
