CJ40_02 [CJ]
RMSE: 90.256127
R2: 0.951468
MAPE: 0.587022
